direktipi d f g h k devretipi y x j                y x

4CN3 2 1,51 2,45 4,9 2,9 2,44
LA 3 2,2 1,9
R 3 1,6 1,6
P 3 3,75 4
BER 1 1,56 1,3 2,6
BES 1 2,25 1,4 3
BET-BEY 1 3,65 4,5 2,15
K 3 1,2 2,45
L 3 1,1 1,9
PA 3 1,21 1,6
PT 2 1,35 1,6 1,35 2,2 2,2
PAT 2 1,86 2,0 1,86 2,25 2,25
1NJ 2 1,25 1,52 1,3 2,4 2,4
PKD 2 1,3 1,6 1,3 2,2 2,2
PKN 2 1,5 1,8 1,5 2,1 2,1
4ÇT3 2 1,84 3,88 6,31 2,3 2,75
4ÇN3 2 1,51 2,45 4,9 2,9 2,44
6N 2 4,6 5,2 4,9 2,8 2,8
DB 2 1,45 1,8 1,5 2,9 2,9
N-NA-NB 2 1,4 1,75 1,45 2,55 2,55
6T 2 5,48 6,0 5,74 2,5 2,5 
TB 2 1,55 1,9 1,6 2,9 2,9
DA 2 1,4 1,75 1,45 2,9 2,9
TA1 2 3,48 4,7 3,7 4,15 4,15
ZA1 2 3,9 5,2 4,2 4,15 4,15


B2 4 6,8
A2 4 6,8
C2 4 5,9
D2 4 7,15
P1 2 3,6 4,9 3,9 4,1 4,1
N1 2 3,3 4,6 3,6 4,1 4,1
F1 2 3,3 4,6 3,6 4,1 4,1
E1 2 3,8 5,1 4,1 4,1 4,1
AS 4 6,0
BS 4 6,2
CS 4 6,3
DT 4 6,0
ET 4 6,8
TA1 2 3,5 4,7 3,7 4,15 4,15
RA1 2 3,7 5,0 4,0 4,2 4,2
VA1 2 3,2 4,5 3,5 4,15 4,15
ZA1 2 3,9 5,2 4,2 4,15 4,15
PB 4 6,65
PC 4 7,5
PD 4 6,8
PE(N) 4 9,8
2FA 2 3,5 5,0 3,9 4,3 4,3
2FB 2 3,8 5,3 4,1 4,3 4,3
2FD 2 3,4 5,0 3,9 4,2 4,2
2FN 2 3,8 5,8 4,7 4,3 4,3
CP2 2 2,8 4,1 3,05 4,1 4,1
CP1 2 3,35 4,5 3,45 4,2 4,2


CP3 2 3,1 4,35 3,3 4,2 4,2
